1369856284433
1369856284433
1369856284433
1369856284433
1369856284433
1369856284433
1369856284433
1369856284433
1369856284433
1369856284433
1369856284433
1369856284433
1369856284433
5864554810791
5864554810791
5864554810791
5864554810791
5864554810791
5864554810791
5864554810791
5864554810791
5864554810791
5864554810791
5864554810791
5864554810791
5864554810791
2355111652500
2355111652500
2355111652500
2355111652500
2355111652500
2355111652500
2355111652500
4810498930770
4810498930770
4810498930770
4810498930770
5736002915175
